{
 "cells": [
  {
   "cell_type": "code",
   "execution_count": null,
   "id": "13ca0c70-1830-498b-b080-160c554306d2",
   "metadata": {},
   "outputs": [],
   "source": [
    "pip install numpy pandas matplotlib seaborn scipy openpyxl"
   ]
  },
  {
   "cell_type": "code",
   "execution_count": 13,
   "id": "d72bfd90-39b9-482a-bdfb-782a90456b8f",
   "metadata": {},
   "outputs": [],
   "source": [
    "# Импорт библиотек\n",
    "import pandas as pd\n",
    "import numpy as np\n",
    "import matplotlib.pyplot as plt\n",
    "import seaborn as sns\n",
    "from scipy import stats\n",
    "import warnings\n",
    "warnings.filterwarnings('ignore')\n",
    "\n",
    "# Настройка отображения\n",
    "pd.set_option('display.max_columns', None)\n",
    "pd.set_option('display.width', 1000)"
   ]
  },
  {
   "cell_type": "code",
   "execution_count": 14,
   "id": "62031a3c-d99f-4732-90d7-be332f42f110",
   "metadata": {},
   "outputs": [
    {
     "data": {
      "text/html": [
       "<div>\n",
       "<style scoped>\n",
       "    .dataframe tbody tr th:only-of-type {\n",
       "        vertical-align: middle;\n",
       "    }\n",
       "\n",
       "    .dataframe tbody tr th {\n",
       "        vertical-align: top;\n",
       "    }\n",
       "\n",
       "    .dataframe thead th {\n",
       "        text-align: right;\n",
       "    }\n",
       "</style>\n",
       "<table border=\"1\" class=\"dataframe\">\n",
       "  <thead>\n",
       "    <tr style=\"text-align: right;\">\n",
       "      <th></th>\n",
       "      <th>instr</th>\n",
       "      <th>class</th>\n",
       "      <th>nb.repeat</th>\n",
       "      <th>attendance</th>\n",
       "      <th>difficulty</th>\n",
       "      <th>Q1</th>\n",
       "      <th>Q2</th>\n",
       "      <th>Q3</th>\n",
       "      <th>Q4</th>\n",
       "      <th>Q5</th>\n",
       "      <th>Q6</th>\n",
       "      <th>Q7</th>\n",
       "      <th>Q8</th>\n",
       "      <th>Q9</th>\n",
       "      <th>Q10</th>\n",
       "      <th>Q11</th>\n",
       "      <th>Q12</th>\n",
       "      <th>Q13</th>\n",
       "      <th>Q14</th>\n",
       "      <th>Q15</th>\n",
       "      <th>Q16</th>\n",
       "      <th>Q17</th>\n",
       "      <th>Q18</th>\n",
       "      <th>Q19</th>\n",
       "      <th>Q20</th>\n",
       "      <th>Q21</th>\n",
       "      <th>Q22</th>\n",
       "      <th>Q23</th>\n",
       "      <th>Q24</th>\n",
       "      <th>Q25</th>\n",
       "      <th>Q26</th>\n",
       "      <th>Q27</th>\n",
       "      <th>Q28</th>\n",
       "    </tr>\n",
       "  </thead>\n",
       "  <tbody>\n",
       "    <tr>\n",
       "      <th>0</th>\n",
       "      <td>1</td>\n",
       "      <td>2</td>\n",
       "      <td>1</td>\n",
       "      <td>0</td>\n",
       "      <td>4</td>\n",
       "      <td>3</td>\n",
       "      <td>3</td>\n",
       "      <td>3</td>\n",
       "      <td>3</td>\n",
       "      <td>3</td>\n",
       "      <td>3</td>\n",
       "      <td>3</td>\n",
       "      <td>3</td>\n",
       "      <td>3</td>\n",
       "      <td>3</td>\n",
       "      <td>3</td>\n",
       "      <td>3</td>\n",
       "      <td>3</td>\n",
       "      <td>3</td>\n",
       "      <td>3</td>\n",
       "      <td>3</td>\n",
       "      <td>3</td>\n",
       "      <td>3</td>\n",
       "      <td>3</td>\n",
       "      <td>3</td>\n",
       "      <td>3</td>\n",
       "      <td>3</td>\n",
       "      <td>3</td>\n",
       "      <td>3</td>\n",
       "      <td>3</td>\n",
       "      <td>3</td>\n",
       "      <td>3</td>\n",
       "      <td>3</td>\n",
       "    </tr>\n",
       "    <tr>\n",
       "      <th>1</th>\n",
       "      <td>1</td>\n",
       "      <td>2</td>\n",
       "      <td>1</td>\n",
       "      <td>1</td>\n",
       "      <td>3</td>\n",
       "      <td>3</td>\n",
       "      <td>3</td>\n",
       "      <td>3</td>\n",
       "      <td>3</td>\n",
       "      <td>3</td>\n",
       "      <td>3</td>\n",
       "      <td>3</td>\n",
       "      <td>3</td>\n",
       "      <td>3</td>\n",
       "      <td>3</td>\n",
       "      <td>3</td>\n",
       "      <td>3</td>\n",
       "      <td>3</td>\n",
       "      <td>3</td>\n",
       "      <td>3</td>\n",
       "      <td>3</td>\n",
       "      <td>3</td>\n",
       "      <td>3</td>\n",
       "      <td>3</td>\n",
       "      <td>3</td>\n",
       "      <td>3</td>\n",
       "      <td>3</td>\n",
       "      <td>3</td>\n",
       "      <td>3</td>\n",
       "      <td>3</td>\n",
       "      <td>3</td>\n",
       "      <td>3</td>\n",
       "      <td>3</td>\n",
       "    </tr>\n",
       "    <tr>\n",
       "      <th>2</th>\n",
       "      <td>1</td>\n",
       "      <td>2</td>\n",
       "      <td>1</td>\n",
       "      <td>2</td>\n",
       "      <td>4</td>\n",
       "      <td>5</td>\n",
       "      <td>5</td>\n",
       "      <td>5</td>\n",
       "      <td>5</td>\n",
       "      <td>5</td>\n",
       "      <td>5</td>\n",
       "      <td>5</td>\n",
       "      <td>5</td>\n",
       "      <td>5</td>\n",
       "      <td>5</td>\n",
       "      <td>5</td>\n",
       "      <td>5</td>\n",
       "      <td>5</td>\n",
       "      <td>5</td>\n",
       "      <td>5</td>\n",
       "      <td>5</td>\n",
       "      <td>5</td>\n",
       "      <td>5</td>\n",
       "      <td>5</td>\n",
       "      <td>5</td>\n",
       "      <td>5</td>\n",
       "      <td>5</td>\n",
       "      <td>5</td>\n",
       "      <td>5</td>\n",
       "      <td>5</td>\n",
       "      <td>5</td>\n",
       "      <td>5</td>\n",
       "      <td>5</td>\n",
       "    </tr>\n",
       "    <tr>\n",
       "      <th>3</th>\n",
       "      <td>1</td>\n",
       "      <td>2</td>\n",
       "      <td>1</td>\n",
       "      <td>1</td>\n",
       "      <td>3</td>\n",
       "      <td>3</td>\n",
       "      <td>3</td>\n",
       "      <td>3</td>\n",
       "      <td>3</td>\n",
       "      <td>3</td>\n",
       "      <td>3</td>\n",
       "      <td>3</td>\n",
       "      <td>3</td>\n",
       "      <td>3</td>\n",
       "      <td>3</td>\n",
       "      <td>3</td>\n",
       "      <td>3</td>\n",
       "      <td>3</td>\n",
       "      <td>3</td>\n",
       "      <td>3</td>\n",
       "      <td>3</td>\n",
       "      <td>3</td>\n",
       "      <td>3</td>\n",
       "      <td>3</td>\n",
       "      <td>3</td>\n",
       "      <td>3</td>\n",
       "      <td>3</td>\n",
       "      <td>3</td>\n",
       "      <td>3</td>\n",
       "      <td>3</td>\n",
       "      <td>3</td>\n",
       "      <td>3</td>\n",
       "      <td>3</td>\n",
       "    </tr>\n",
       "    <tr>\n",
       "      <th>4</th>\n",
       "      <td>1</td>\n",
       "      <td>2</td>\n",
       "      <td>1</td>\n",
       "      <td>0</td>\n",
       "      <td>1</td>\n",
       "      <td>1</td>\n",
       "      <td>1</td>\n",
       "      <td>1</td>\n",
       "      <td>1</td>\n",
       "      <td>1</td>\n",
       "      <td>1</td>\n",
       "      <td>1</td>\n",
       "      <td>1</td>\n",
       "      <td>1</td>\n",
       "      <td>1</td>\n",
       "      <td>1</td>\n",
       "      <td>1</td>\n",
       "      <td>1</td>\n",
       "      <td>1</td>\n",
       "      <td>1</td>\n",
       "      <td>1</td>\n",
       "      <td>1</td>\n",
       "      <td>1</td>\n",
       "      <td>1</td>\n",
       "      <td>1</td>\n",
       "      <td>1</td>\n",
       "      <td>1</td>\n",
       "      <td>1</td>\n",
       "      <td>1</td>\n",
       "      <td>1</td>\n",
       "      <td>1</td>\n",
       "      <td>1</td>\n",
       "      <td>1</td>\n",
       "    </tr>\n",
       "    <tr>\n",
       "      <th>5</th>\n",
       "      <td>1</td>\n",
       "      <td>2</td>\n",
       "      <td>1</td>\n",
       "      <td>3</td>\n",
       "      <td>3</td>\n",
       "      <td>4</td>\n",
       "      <td>4</td>\n",
       "      <td>4</td>\n",
       "      <td>4</td>\n",
       "      <td>4</td>\n",
       "      <td>4</td>\n",
       "      <td>4</td>\n",
       "      <td>4</td>\n",
       "      <td>4</td>\n",
       "      <td>4</td>\n",
       "      <td>4</td>\n",
       "      <td>4</td>\n",
       "      <td>4</td>\n",
       "      <td>4</td>\n",
       "      <td>4</td>\n",
       "      <td>4</td>\n",
       "      <td>4</td>\n",
       "      <td>4</td>\n",
       "      <td>4</td>\n",
       "      <td>4</td>\n",
       "      <td>4</td>\n",
       "      <td>4</td>\n",
       "      <td>4</td>\n",
       "      <td>4</td>\n",
       "      <td>4</td>\n",
       "      <td>4</td>\n",
       "      <td>4</td>\n",
       "      <td>4</td>\n",
       "    </tr>\n",
       "    <tr>\n",
       "      <th>6</th>\n",
       "      <td>1</td>\n",
       "      <td>2</td>\n",
       "      <td>1</td>\n",
       "      <td>1</td>\n",
       "      <td>3</td>\n",
       "      <td>4</td>\n",
       "      <td>4</td>\n",
       "      <td>4</td>\n",
       "      <td>4</td>\n",
       "      <td>4</td>\n",
       "      <td>4</td>\n",
       "      <td>4</td>\n",
       "      <td>4</td>\n",
       "      <td>4</td>\n",
       "      <td>4</td>\n",
       "      <td>4</td>\n",
       "      <td>4</td>\n",
       "      <td>4</td>\n",
       "      <td>4</td>\n",
       "      <td>4</td>\n",
       "      <td>4</td>\n",
       "      <td>4</td>\n",
       "      <td>4</td>\n",
       "      <td>4</td>\n",
       "      <td>4</td>\n",
       "      <td>4</td>\n",
       "      <td>4</td>\n",
       "      <td>4</td>\n",
       "      <td>4</td>\n",
       "      <td>4</td>\n",
       "      <td>4</td>\n",
       "      <td>4</td>\n",
       "      <td>4</td>\n",
       "    </tr>\n",
       "    <tr>\n",
       "      <th>7</th>\n",
       "      <td>1</td>\n",
       "      <td>2</td>\n",
       "      <td>1</td>\n",
       "      <td>1</td>\n",
       "      <td>3</td>\n",
       "      <td>5</td>\n",
       "      <td>5</td>\n",
       "      <td>5</td>\n",
       "      <td>5</td>\n",
       "      <td>5</td>\n",
       "      <td>5</td>\n",
       "      <td>5</td>\n",
       "      <td>5</td>\n",
       "      <td>5</td>\n",
       "      <td>5</td>\n",
       "      <td>5</td>\n",
       "      <td>5</td>\n",
       "      <td>5</td>\n",
       "      <td>5</td>\n",
       "      <td>5</td>\n",
       "      <td>5</td>\n",
       "      <td>5</td>\n",
       "      <td>5</td>\n",
       "      <td>5</td>\n",
       "      <td>5</td>\n",
       "      <td>5</td>\n",
       "      <td>5</td>\n",
       "      <td>5</td>\n",
       "      <td>5</td>\n",
       "      <td>5</td>\n",
       "      <td>5</td>\n",
       "      <td>5</td>\n",
       "      <td>5</td>\n",
       "    </tr>\n",
       "  </tbody>\n",
       "</table>\n",
       "</div>"
      ],
      "text/plain": [
       "   instr  class  nb.repeat  attendance  difficulty  Q1  Q2  Q3  Q4  Q5  Q6  Q7  Q8  Q9  Q10  Q11  Q12  Q13  Q14  Q15  Q16  Q17  Q18  Q19  Q20  Q21  Q22  Q23  Q24  Q25  Q26  Q27  Q28\n",
       "0      1      2          1           0           4   3   3   3   3   3   3   3   3   3    3    3    3    3    3    3    3    3    3    3    3    3    3    3    3    3    3    3    3\n",
       "1      1      2          1           1           3   3   3   3   3   3   3   3   3   3    3    3    3    3    3    3    3    3    3    3    3    3    3    3    3    3    3    3    3\n",
       "2      1      2          1           2           4   5   5   5   5   5   5   5   5   5    5    5    5    5    5    5    5    5    5    5    5    5    5    5    5    5    5    5    5\n",
       "3      1      2          1           1           3   3   3   3   3   3   3   3   3   3    3    3    3    3    3    3    3    3    3    3    3    3    3    3    3    3    3    3    3\n",
       "4      1      2          1           0           1   1   1   1   1   1   1   1   1   1    1    1    1    1    1    1    1    1    1    1    1    1    1    1    1    1    1    1    1\n",
       "5      1      2          1           3           3   4   4   4   4   4   4   4   4   4    4    4    4    4    4    4    4    4    4    4    4    4    4    4    4    4    4    4    4\n",
       "6      1      2          1           1           3   4   4   4   4   4   4   4   4   4    4    4    4    4    4    4    4    4    4    4    4    4    4    4    4    4    4    4    4\n",
       "7      1      2          1           1           3   5   5   5   5   5   5   5   5   5    5    5    5    5    5    5    5    5    5    5    5    5    5    5    5    5    5    5    5"
      ]
     },
     "execution_count": 14,
     "metadata": {},
     "output_type": "execute_result"
    }
   ],
   "source": [
    "df = pd.read_csv(\"turkiye.csv\")\n",
    "\n",
    "df.head(8)"
   ]
  },
  {
   "cell_type": "markdown",
   "id": "b4ed13e1-4046-41a9-98da-471f5a9f7bb9",
   "metadata": {},
   "source": [
    "## Удаляем выбросы"
   ]
  },
  {
   "cell_type": "code",
   "execution_count": 15,
   "id": "f76937ff-0c69-4158-a343-98b3bfe0dc43",
   "metadata": {},
   "outputs": [
    {
     "name": "stdout",
     "output_type": "stream",
     "text": [
      "Студентов с ≥26 одинаковыми ответами: 3409\n",
      "Студентов с посещаемостью < 2: 2930\n",
      "\n",
      "Распределение по Attendance\n",
      "attendance\n",
      "0    1902\n",
      "1    1028\n",
      "2     792\n",
      "3    1252\n",
      "4     846\n",
      "\n",
      "Распределение по Attendance среди записей с ≥26 одинаковыми ответами:\n",
      "attendance\n",
      "0    1292\n",
      "1     599\n",
      "2     434\n",
      "3     624\n",
      "4     460\n",
      "Число записей с ≥27 одинаковыми ответами ИЛИ посещаемостью < 2: 4448\n"
     ]
    }
   ],
   "source": [
    "df = pd.read_csv(\"turkiye.csv\")\n",
    "\n",
    "# Вопросы Q1–Q28\n",
    "q_cols = [f'Q{i}' for i in range(1, 29)]\n",
    "\n",
    "# Функция: ≥26 одинаковых ответов\n",
    "def has_too_many_identical_answers(row):\n",
    "    return row.value_counts().max() >= 26\n",
    "\n",
    "# Маска аномальных ответов\n",
    "mask_identical = df[q_cols].apply(has_too_many_identical_answers, axis=1)\n",
    "\n",
    "# Подсчёты\n",
    "n_identical = mask_identical.sum()\n",
    "n_low_attendance = (df['attendance'] < 2).sum()\n",
    "\n",
    "# Распределение по Attendance\n",
    "dist_attendance_all = df['attendance'].value_counts().sort_index()\n",
    "\n",
    "# Распределение по Attendance среди \"одинаковых\" записей\n",
    "dist_attendance = df[mask_identical]['attendance'].value_counts().sort_index()\n",
    "\n",
    "# Вывод\n",
    "print(f\"Студентов с ≥26 одинаковыми ответами: {n_identical}\")\n",
    "print(f\"Студентов с посещаемостью < 2: {n_low_attendance}\")\n",
    "\n",
    "print(\"\\nРаспределение по Attendance\")\n",
    "print(dist_attendance_all.to_string())\n",
    "\n",
    "print(\"\\nРаспределение по Attendance среди записей с ≥26 одинаковыми ответами:\")\n",
    "print(dist_attendance.to_string())\n",
    "\n",
    "mask_A = df[q_cols].apply(has_too_many_identical_answers, axis=1)\n",
    "mask_B = df['attendance'] < 2\n",
    "\n",
    "# Пересечение\n",
    "mask_intersection = mask_A | mask_B\n",
    "n_intersection = mask_intersection.sum()\n",
    "\n",
    "print(f\"Число записей с ≥27 одинаковыми ответами ИЛИ посещаемостью < 2: {n_intersection}\")"
   ]
  },
  {
   "cell_type": "markdown",
   "id": "a2a74b64-2d18-4a9d-af65-fc45e6d459dd",
   "metadata": {},
   "source": [
    "### Повторы и одинаковые ответы"
   ]
  },
  {
   "cell_type": "code",
   "execution_count": 16,
   "id": "1d3110eb-27b6-4ea6-9f3c-16c9ae1eea43",
   "metadata": {},
   "outputs": [
    {
     "name": "stdout",
     "output_type": "stream",
     "text": [
      "Исходное количество строк: 5820\n",
      "Удалено строк с ≥26 одинаковыми ответами: 3409\n",
      "Удалено строк с посещаемостью ниже 2: 1039\n",
      "Итоговое количество строк после очистки: 1372\n"
     ]
    }
   ],
   "source": [
    "df = pd.read_csv(\"turkiye.csv\")\n",
    "\n",
    "print(f\"Исходное количество строк: {len(df)}\")\n",
    "\n",
    "# Колонки с вопросами Q1–Q28\n",
    "q_cols = [f'Q{i}' for i in range(1, 29)]\n",
    "\n",
    "# 1. Удаляем строки, где 27 или более ответов одинаковые\n",
    "def has_too_many_identical_answers(row):\n",
    "    # Считаем частоту каждого значения в строке\n",
    "    value_counts = row.value_counts()\n",
    "    # Если максимальная частота >= 26 — считаем аномалией\n",
    "    # print(value_counts)\n",
    "    # print(value_counts.max() >= 26)\n",
    "    # print('-'*10)\n",
    "    return value_counts.max() >= 26\n",
    "\n",
    "mask_identical = df[q_cols].apply(has_too_many_identical_answers, axis=1)\n",
    "# df[mask_identical].to_excel('удалённые_одинаковые_ответы2.xlsx', index=False)\n",
    "\n",
    "removed_identical = mask_identical.sum()\n",
    "df = df[~mask_identical].copy()\n",
    "\n",
    "print(f\"Удалено строк с ≥26 одинаковыми ответами: {removed_identical}\")\n",
    "\n",
    "\n",
    "# 2. Удаляем записи с посещаемостью ниже 2 (Attendance < 2)\n",
    "# Согласно описанию, Attendance ∈ {0,1,2,3,4}\n",
    "removed_low_attendance = (df['attendance'] < 2).sum()\n",
    "df = df[df['attendance'] >= 2].copy()\n",
    "\n",
    "print(f\"Удалено строк с посещаемостью ниже 2: {removed_low_attendance}\")\n",
    "print(f\"Итоговое количество строк после очистки: {len(df)}\")"
   ]
  },
  {
   "cell_type": "markdown",
   "id": "c2537f1d-9203-4bc0-b5de-09d3654f208f",
   "metadata": {},
   "source": [
    "### Поиск выбросов по квартилям (метод IQR) — по каждому признаку отдельно"
   ]
  },
  {
   "cell_type": "code",
   "execution_count": 17,
   "id": "225ccd01-1317-4a57-b894-a51e6245ef07",
   "metadata": {},
   "outputs": [
    {
     "name": "stdout",
     "output_type": "stream",
     "text": [
      "Число выбросов, обнаруженных методом IQR: 349\n",
      "Итоговое количество строк после очистки: 1023\n"
     ]
    }
   ],
   "source": [
    "k = 1.5\n",
    "outlier_mask_iqr = pd.Series([False] * len(df), index=df.index)\n",
    "\n",
    "for col in q_cols:\n",
    "    Q1 = df[col].quantile(0.25)\n",
    "    Q3 = df[col].quantile(0.75)\n",
    "    IQR = Q3 - Q1\n",
    "    lower_bound = Q1 - k * IQR\n",
    "    upper_bound = Q3 + k * IQR\n",
    "    outlier_mask_iqr |= (df[col] < lower_bound) | (df[col] > upper_bound)\n",
    "\n",
    "n_outliers_iqr = outlier_mask_iqr.sum()\n",
    "\n",
    "df = df[~outlier_mask_iqr].copy()\n",
    "\n",
    "print(f\"Число выбросов, обнаруженных методом IQR: {n_outliers_iqr}\")\n",
    "print(f\"Итоговое количество строк после очистки: {len(df)}\")"
   ]
  },
  {
   "cell_type": "markdown",
   "id": "f08d6210-39aa-456b-9ddb-9c05dbc3b6e8",
   "metadata": {},
   "source": [
    "## Корреляции"
   ]
  },
  {
   "cell_type": "markdown",
   "id": "99778cb6-7874-4a96-bdab-6d1c9d3e9070",
   "metadata": {},
   "source": [
    "### Общая матрица корреляции"
   ]
  },
  {
   "cell_type": "code",
   "execution_count": null,
   "id": "6bb43305-73bf-43c2-97a8-c4408bae3b4f",
   "metadata": {},
   "outputs": [],
   "source": [
    "# ============================================================\n",
    "# ПОЛНАЯ МАТРИЦА КОРРЕЛЯЦИЙ ДЛЯ ВСЕХ ЧИСЛОВЫХ ПРИЗНАКОВ\n",
    "# ============================================================\n",
    "\n",
    "# Выбираем все числовые колонки (включая дополнительные признаки)\n",
    "q_cols = [f'Q{i}' for i in range(1, 29)]\n",
    "numeric_cols = ['instr', 'class', 'nb.repeat', 'attendance', 'difficulty'] + q_cols\n",
    "\n",
    "# Проверяем наличие всех колонок\n",
    "available_cols = [col for col in numeric_cols if col in df.columns]\n",
    "print(f\"Числовые признаки для корреляции ({len(available_cols)} колонок):\")\n",
    "print(available_cols)\n",
    "print()\n",
    "\n",
    "# Вычисление полной матрицы корреляций\n",
    "correlation_matrix_full = df[available_cols].corr()\n",
    "\n",
    "# Вывод полной матрицы\n",
    "print(\"=\" * 120)\n",
    "print(\"ПОЛНАЯ МАТРИЦА КОРРЕЛЯЦИЙ ДЛЯ ВСЕХ ПРИЗНАКОВ\")\n",
    "print(\"=\" * 120)\n",
    "print(correlation_matrix_full.to_string())\n",
    "\n",
    "# Сохранение в CSV\n",
    "correlation_matrix_full.to_csv('correlation_matrix_all_features.csv')\n",
    "print(\"\\n✓ Матрица корреляций сохранена в 'correlation_matrix_all_features.csv'\")\n",
    "\n",
    "# Описательная статистика\n",
    "mask = np.triu(np.ones_like(correlation_matrix_full, dtype=bool), k=1)\n",
    "upper_triangle = correlation_matrix_full.where(mask)\n",
    "correlations = upper_triangle.stack()\n",
    "\n",
    "print(\"\\n\" + \"=\" * 120)\n",
    "print(\"СТАТИСТИКА КОРРЕЛЯЦИЙ\")\n",
    "print(\"=\" * 120)\n",
    "print(f\"Количество пар признаков: {len(correlations)}\")\n",
    "print(f\"Средняя корреляция: {correlations.mean():.4f}\")\n",
    "print(f\"Медианная корреляция: {correlations.median():.4f}\")\n",
    "print(f\"Минимальная корреляция: {correlations.min():.4f}\")\n",
    "print(f\"Максимальная корреляция: {correlations.max():.4f}\")\n",
    "print(f\"Стандартное отклонение: {correlations.std():.4f}\")\n",
    "\n",
    "# ============================================================\n",
    "# ВИЗУАЛИЗАЦИЯ 1: Полная матрица\n",
    "# ============================================================\n",
    "\n",
    "plt.figure(figsize=(24, 22))\n",
    "sns.heatmap(correlation_matrix_full, \n",
    "            annot=True,\n",
    "            fmt='.2f',\n",
    "            cmap='coolwarm',\n",
    "            center=0,\n",
    "            vmin=-1, vmax=1,\n",
    "            square=True,\n",
    "            linewidths=0.5,\n",
    "            annot_kws={'size': 7},  # Размер шрифта для чисел\n",
    "            cbar_kws={\"shrink\": 0.8})\n",
    "\n",
    "plt.title('Полная матрица корреляций для всех признаков датасета', \n",
    "          fontsize=18, pad=20, weight='bold')\n",
    "plt.xlabel('Признаки', fontsize=14)\n",
    "plt.ylabel('Признаки', fontsize=14)\n",
    "plt.xticks(rotation=90, fontsize=9)\n",
    "plt.yticks(rotation=0, fontsize=9)\n",
    "plt.tight_layout()\n",
    "plt.savefig('correlation_matrix_all_features.png', dpi=300, bbox_inches='tight')\n",
    "print(\"\\n✓ Визуализация сохранена в 'correlation_matrix_all_features.png'\")\n",
    "\n",
    "# ============================================================\n",
    "# ВИЗУАЛИЗАЦИЯ 2: Корреляции дополнительных признаков с вопросами\n",
    "# ============================================================\n",
    "\n",
    "# Матрица корреляций\n",
    "additional_features = ['instr', 'class', 'nb.repeat', 'attendance', 'difficulty']\n",
    "available_additional = [col for col in additional_features if col in df.columns]\n",
    "\n",
    "# Создаём подматрицу\n",
    "corr_additional_vs_questions = df[available_additional + q_cols].corr()\n",
    "corr_subset = corr_additional_vs_questions.loc[available_additional, q_cols]\n",
    "\n",
    "plt.figure(figsize=(18, 6))\n",
    "sns.heatmap(corr_subset, \n",
    "            annot=True,\n",
    "            fmt='.2f',\n",
    "            cmap='coolwarm',\n",
    "            center=0,\n",
    "            vmin=-1, vmax=1,\n",
    "            linewidths=0.5,\n",
    "            cbar_kws={\"shrink\": 0.8})\n",
    "\n",
    "plt.title('Корреляция дополнительных признаков с вопросами оценки (Q1-Q28)', \n",
    "          fontsize=16, pad=15, weight='bold')\n",
    "plt.xlabel('Вопросы', fontsize=12)\n",
    "plt.ylabel('Дополнительные признаки', fontsize=12)\n",
    "plt.xticks(rotation=90)\n",
    "plt.tight_layout()\n",
    "plt.savefig('correlation_additional_features_vs_questions.png', dpi=300, bbox_inches='tight')\n",
    "print(\"✓ Визуализация сохранена в 'correlation_additional_features_vs_questions.png'\")\n",
    "\n",
    "# ============================================================\n",
    "# АНАЛИЗ КОРРЕЛЯЦИЙ ДОПОЛНИТЕЛЬНЫХ ПРИЗНАКОВ\n",
    "# ============================================================\n",
    "\n",
    "print(\"\\n\" + \"=\" * 120)\n",
    "print(\"КОРРЕЛЯЦИЯ ДОПОЛНИТЕЛЬНЫХ ПРИЗНАКОВ С ВОПРОСАМИ\")\n",
    "print(\"=\" * 120)\n",
    "\n",
    "for feature in available_additional:\n",
    "    print(f\"\\n{feature.upper()}:\")\n",
    "    corr_values = correlation_matrix_full.loc[feature, q_cols].sort_values(ascending=False)\n",
    "    print(f\"  Топ-5 наиболее сильных корреляций:\")\n",
    "    for q, val in corr_values.head(5).items():\n",
    "        print(f\"    {q}: {val:.4f}\")\n",
    "    print(f\"  Топ-5 наиболее слабых корреляций:\")\n",
    "    for q, val in corr_values.tail(5).items():\n",
    "        print(f\"    {q}: {val:.4f}\")\n",
    "\n",
    "# ============================================================\n",
    "# ТОП КОРРЕЛЯЦИЙ МЕЖДУ ВСЕМИ ПРИЗНАКАМИ\n",
    "# ============================================================\n",
    "\n",
    "print(\"\\n\" + \"=\" * 120)\n",
    "print(\"ТОП-15 САМЫХ СИЛЬНЫХ ПОЛОЖИТЕЛЬНЫХ КОРРЕЛЯЦИЙ (ВСЕ ПРИЗНАКИ)\")\n",
    "print(\"=\" * 120)\n",
    "\n",
    "corr_pairs_all = []\n",
    "for i in range(len(correlation_matrix_full.columns)):\n",
    "    for j in range(i+1, len(correlation_matrix_full.columns)):\n",
    "        corr_pairs_all.append({\n",
    "            'Признак 1': correlation_matrix_full.columns[i],\n",
    "            'Признак 2': correlation_matrix_full.columns[j],\n",
    "            'Корреляция': correlation_matrix_full.iloc[i, j]\n",
    "        })\n",
    "\n",
    "corr_df_all = pd.DataFrame(corr_pairs_all)\n",
    "corr_df_all_sorted = corr_df_all.sort_values('Корреляция', ascending=False)\n",
    "\n",
    "print(corr_df_all_sorted.head(15).to_string(index=False))\n",
    "corr_df_all_sorted.to_csv('correlation_pairs_all_features.csv', index=False)\n",
    "\n",
    "print(\"\\n\" + \"=\" * 120)\n",
    "print(\"ТОП-15 САМЫХ СЛАБЫХ КОРРЕЛЯЦИЙ (ВСЕ ПРИЗНАКИ)\")\n",
    "print(\"=\" * 120)\n",
    "print(corr_df_all_sorted.tail(15).to_string(index=False))\n",
    "\n",
    "\n",
    "print(\"\\n\" + \"=\" * 120)\n",
    "print(\"АНАЛИЗ ЗАВЕРШЁН\")\n",
    "print(\"=\" * 120)\n",
    "print(\"\\nСозданные файлы:\")\n",
    "print(\"1. correlation_matrix_all_features.csv - полная матрица корреляций\")\n",
    "print(\"2. correlation_matrix_all_features.png - визуализация полной матрицы\")\n",
    "print(\"3. correlation_additional_features_vs_questions.png - доп. признаки vs вопросы\")"
   ]
  },
  {
   "cell_type": "markdown",
   "id": "a3e33529-996b-4781-b1d7-f58cd5a9f579",
   "metadata": {},
   "source": [
    "### Матрица корреляции для предметов"
   ]
  },
  {
   "cell_type": "code",
   "execution_count": 18,
   "id": "7da44bfc-aaf7-495a-88ee-4d614bedca00",
   "metadata": {},
   "outputs": [
    {
     "name": "stdout",
     "output_type": "stream",
     "text": [
      "Распределение по предметам:\n",
      "Предмет      1   2    3   4    5   6   7    8   9  10  11  12   13\n",
      "Количество  62  14  112  35  135  99  47  147  98  67  90   7  110\n"
     ]
    }
   ],
   "source": [
    "class_counts = df['class'].value_counts().sort_index()\n",
    "class_df = pd.DataFrame({\n",
    "    'Предмет': class_counts.index,\n",
    "    'Количество': class_counts.values\n",
    "})\n",
    "\n",
    "# Транспонирование для вывода в строку\n",
    "print(\"Распределение по предметам:\")\n",
    "print(class_df.T.to_string(header=False))"
   ]
  },
  {
   "cell_type": "code",
   "execution_count": 19,
   "id": "9bcb83ca-5f0f-43f5-9253-afdf222c3767",
   "metadata": {},
   "outputs": [
    {
     "name": "stdout",
     "output_type": "stream",
     "text": [
      "['nb.repeat', 'attendance', 'difficulty', 'Q1', 'Q2', 'Q3', 'Q4', 'Q5', 'Q6', 'Q7', 'Q8', 'Q9', 'Q10', 'Q11', 'Q12', 'Q13', 'Q14', 'Q15', 'Q16', 'Q17', 'Q18', 'Q19', 'Q20', 'Q21', 'Q22', 'Q23', 'Q24', 'Q25', 'Q26', 'Q27', 'Q28']\n",
      "\n",
      "========================================================================================================================\n",
      "МАТРИЦА КОРРЕЛЯЦИЙ ДЛЯ ПРЕДМЕТА 3 (n=112)\n",
      "========================================================================================================================\n",
      "            nb.repeat  attendance  difficulty        Q1        Q2        Q3        Q4        Q5        Q6        Q7        Q8        Q9       Q10       Q11       Q12       Q13       Q14       Q15       Q16       Q17       Q18       Q19       Q20       Q21       Q22       Q23       Q24       Q25       Q26       Q27       Q28\n",
      "nb.repeat    1.000000   -0.056027    0.086559  0.108842 -0.071600 -0.056642  0.107333 -0.001169  0.065805 -0.027487  0.074656  0.035098  0.034777  0.049232  0.118198 -0.097082 -0.053247 -0.001297 -0.088175 -0.170159 -0.109463 -0.122571 -0.037569 -0.029491 -0.016230 -0.079884 -0.080470 -0.065697 -0.002174 -0.026205 -0.172892\n",
      "attendance  -0.056027    1.000000   -0.149757  0.114040  0.176235  0.045849  0.103250  0.043805  0.015645  0.119790  0.160856  0.135017  0.145733  0.091478  0.153556  0.084838  0.115640  0.010608  0.150936  0.065679  0.064698  0.113794  0.175960  0.185567  0.166693  0.252567  0.158154  0.146270  0.191485  0.113837  0.143246\n",
      "difficulty   0.086559   -0.149757    1.000000 -0.069618 -0.082726 -0.254037 -0.077058 -0.129680 -0.209149 -0.134010 -0.169318 -0.223523 -0.246836 -0.202521 -0.218173 -0.137313 -0.143184 -0.110896 -0.159064 -0.147113 -0.255019 -0.180980 -0.158262 -0.145640 -0.185595 -0.194302 -0.126537 -0.082578 -0.112187 -0.206941 -0.204875\n",
      "Q1           0.108842    0.114040   -0.069618  1.000000  0.688883  0.507160  0.698092  0.534788  0.344452  0.489565  0.368621  0.402436  0.499349  0.458971  0.477197  0.274041  0.314481  0.383094  0.408731  0.144236  0.275147  0.196402  0.156167  0.256071  0.215888  0.292883  0.339273  0.292247  0.312271  0.444877  0.199522\n",
      "Q2          -0.071600    0.176235   -0.082726  0.688883  1.000000  0.436573  0.569701  0.476400  0.330714  0.592181  0.387459  0.424444  0.514433  0.419751  0.438649  0.402012  0.448076  0.489087  0.548756  0.377958  0.395210  0.375835  0.297250  0.296425  0.370360  0.426475  0.367510  0.363944  0.406408  0.337145  0.337137\n",
      "Q3          -0.056642    0.045849   -0.254037  0.507160  0.436573  1.000000  0.538569  0.616354  0.560498  0.585582  0.415707  0.438165  0.647671  0.541532  0.570381  0.506943  0.536464  0.537254  0.563239  0.415434  0.524922  0.477296  0.442493  0.403619  0.432995  0.491335  0.501879  0.485623  0.600619  0.445558  0.524394\n",
      "Q4           0.107333    0.103250   -0.077058  0.698092  0.569701  0.538569  1.000000  0.619637  0.466515  0.584088  0.450828  0.367033  0.430592  0.440160  0.455282  0.316485  0.390880  0.390101  0.421541  0.173902  0.327350  0.267073  0.239458  0.273856  0.272258  0.379016  0.453531  0.334255  0.378368  0.503915  0.298285\n",
      "Q5          -0.001169    0.043805   -0.129680  0.534788  0.476400  0.616354  0.619637  1.000000  0.619032  0.737993  0.572460  0.619570  0.642335  0.612563  0.550644  0.400067  0.446061  0.478199  0.556711  0.257758  0.519316  0.381335  0.348106  0.397141  0.379401  0.495964  0.557472  0.375247  0.480269  0.440816  0.360403\n",
      "Q6           0.065805    0.015645   -0.209149  0.344452  0.330714  0.560498  0.466515  0.619032  1.000000  0.620113  0.521418  0.419275  0.567816  0.470165  0.435781  0.406486  0.511128  0.535400  0.548011  0.313317  0.478345  0.385031  0.423563  0.425061  0.428083  0.497533  0.483861  0.354025  0.500686  0.450457  0.376963\n",
      "Q7          -0.027487    0.119790   -0.134010  0.489565  0.592181  0.585582  0.584088  0.737993  0.620113  1.000000  0.686368  0.650274  0.721818  0.580056  0.584197  0.446985  0.505040  0.484230  0.540664  0.313639  0.511082  0.413574  0.369601  0.388921  0.412857  0.568568  0.538761  0.423110  0.530168  0.457242  0.356001\n",
      "Q8           0.074656    0.160856   -0.169318  0.368621  0.387459  0.415707  0.450828  0.572460  0.521418  0.686368  1.000000  0.650559  0.662677  0.562599  0.639137  0.383564  0.378325  0.323204  0.550185  0.253580  0.537422  0.386997  0.343253  0.413485  0.375601  0.523456  0.467453  0.336722  0.506812  0.509485  0.267921\n",
      "Q9           0.035098    0.135017   -0.223523  0.402436  0.424444  0.438165  0.367033  0.619570  0.419275  0.650274  0.650559  1.000000  0.761480  0.609254  0.634782  0.431117  0.470132  0.407587  0.495809  0.279585  0.562221  0.456673  0.347399  0.406492  0.410085  0.560616  0.422847  0.286069  0.478755  0.428577  0.304051\n",
      "Q10          0.034777    0.145733   -0.246836  0.499349  0.514433  0.647671  0.430592  0.642335  0.567816  0.721818  0.662677  0.761480  1.000000  0.672746  0.726397  0.533500  0.586263  0.572056  0.621206  0.439266  0.604780  0.531182  0.496461  0.512322  0.519081  0.611791  0.541853  0.429611  0.677038  0.492621  0.445228\n",
      "Q11          0.049232    0.091478   -0.202521  0.458971  0.419751  0.541532  0.440160  0.612563  0.470165  0.580056  0.562599  0.609254  0.672746  1.000000  0.804012  0.407624  0.415904  0.471141  0.491468  0.381414  0.510905  0.434283  0.340695  0.336773  0.356804  0.478212  0.509641  0.347701  0.477503  0.406336  0.300830\n",
      "Q12          0.118198    0.153556   -0.218173  0.477197  0.438649  0.570381  0.455282  0.550644  0.435781  0.584197  0.639137  0.634782  0.726397  0.804012  1.000000  0.497036  0.504824  0.481868  0.541718  0.422285  0.564713  0.426064  0.334358  0.345822  0.415244  0.535413  0.558332  0.324419  0.532447  0.504257  0.315214\n",
      "Q13         -0.097082    0.084838   -0.137313  0.274041  0.402012  0.506943  0.316485  0.400067  0.406486  0.446985  0.383564  0.431117  0.533500  0.407624  0.497036  1.000000  0.805149  0.757334  0.621320  0.481082  0.590816  0.619023  0.694624  0.583111  0.659216  0.624239  0.523822  0.548944  0.733787  0.498475  0.607639\n",
      "Q14         -0.053247    0.115640   -0.143184  0.314481  0.448076  0.536464  0.390880  0.446061  0.511128  0.505040  0.378325  0.470132  0.586263  0.415904  0.504824  0.805149  1.000000  0.838633  0.665201  0.614372  0.601374  0.657659  0.668020  0.560790  0.655925  0.635349  0.568291  0.540053  0.705633  0.472761  0.577701\n",
      "Q15         -0.001297    0.010608   -0.110896  0.383094  0.489087  0.537254  0.390101  0.478199  0.535400  0.484230  0.323204  0.407587  0.572056  0.471141  0.481868  0.757334  0.838633  1.000000  0.686060  0.561482  0.607875  0.620661  0.611735  0.598935  0.676211  0.611280  0.573422  0.589841  0.678018  0.446103  0.605135\n",
      "Q16         -0.088175    0.150936   -0.159064  0.408731  0.548756  0.563239  0.421541  0.556711  0.548011  0.540664  0.550185  0.495809  0.621206  0.491468  0.541718  0.621320  0.665201  0.686060  1.000000  0.540798  0.718703  0.663219  0.614295  0.631506  0.630554  0.693757  0.562578  0.576112  0.646445  0.537068  0.565727\n",
      "Q17         -0.170159    0.065679   -0.147113  0.144236  0.377958  0.415434  0.173902  0.257758  0.313317  0.313639  0.253580  0.279585  0.439266  0.381414  0.422285  0.481082  0.614372  0.561482  0.540798  1.000000  0.558898  0.599760  0.483579  0.421246  0.597255  0.498166  0.391144  0.530178  0.518715  0.296740  0.480115\n",
      "Q18         -0.109463    0.064698   -0.255019  0.275147  0.395210  0.524922  0.327350  0.519316  0.478345  0.511082  0.537422  0.562221  0.604780  0.510905  0.564713  0.590816  0.601374  0.607875  0.718703  0.558898  1.000000  0.800724  0.598603  0.605062  0.608685  0.667021  0.616139  0.505705  0.612282  0.565075  0.557029\n",
      "Q19         -0.122571    0.113794   -0.180980  0.196402  0.375835  0.477296  0.267073  0.381335  0.385031  0.413574  0.386997  0.456673  0.531182  0.434283  0.426064  0.619023  0.657659  0.620661  0.663219  0.599760  0.800724  1.000000  0.708356  0.641550  0.658079  0.647500  0.589630  0.540366  0.630616  0.477930  0.618821\n",
      "Q20         -0.037569    0.175960   -0.158262  0.156167  0.297250  0.442493  0.239458  0.348106  0.423563  0.369601  0.343253  0.347399  0.496461  0.340695  0.334358  0.694624  0.668020  0.611735  0.614295  0.483579  0.598603  0.708356  1.000000  0.782370  0.786580  0.715739  0.557790  0.655134  0.730438  0.454977  0.694430\n",
      "Q21         -0.029491    0.185567   -0.145640  0.256071  0.296425  0.403619  0.273856  0.397141  0.425061  0.388921  0.413485  0.406492  0.512322  0.336773  0.345822  0.583111  0.560790  0.598935  0.631506  0.421246  0.605062  0.641550  0.782370  1.000000  0.807825  0.768019  0.626136  0.713660  0.656616  0.506600  0.602925\n",
      "Q22         -0.016230    0.166693   -0.185595  0.215888  0.370360  0.432995  0.272258  0.379401  0.428083  0.412857  0.375601  0.410085  0.519081  0.356804  0.415244  0.659216  0.655925  0.676211  0.630554  0.597255  0.608685  0.658079  0.786580  0.807825  1.000000  0.768386  0.642174  0.720109  0.714759  0.485002  0.664456\n",
      "Q23         -0.079884    0.252567   -0.194302  0.292883  0.426475  0.491335  0.379016  0.495964  0.497533  0.568568  0.523456  0.560616  0.611791  0.478212  0.535413  0.624239  0.635349  0.611280  0.693757  0.498166  0.667021  0.647500  0.715739  0.768019  0.768386  1.000000  0.715947  0.705773  0.724679  0.624225  0.603788\n",
      "Q24         -0.080470    0.158154   -0.126537  0.339273  0.367510  0.501879  0.453531  0.557472  0.483861  0.538761  0.467453  0.422847  0.541853  0.509641  0.558332  0.523822  0.568291  0.573422  0.562578  0.391144  0.616139  0.589630  0.557790  0.626136  0.642174  0.715947  1.000000  0.622776  0.704811  0.621081  0.583279\n",
      "Q25         -0.065697    0.146270   -0.082578  0.292247  0.363944  0.485623  0.334255  0.375247  0.354025  0.423110  0.336722  0.286069  0.429611  0.347701  0.324419  0.548944  0.540053  0.589841  0.576112  0.530178  0.505705  0.540366  0.655134  0.713660  0.720109  0.705773  0.622776  1.000000  0.695399  0.469687  0.664733\n",
      "Q26         -0.002174    0.191485   -0.112187  0.312271  0.406408  0.600619  0.378368  0.480269  0.500686  0.530168  0.506812  0.478755  0.677038  0.477503  0.532447  0.733787  0.705633  0.678018  0.646445  0.518715  0.612282  0.630616  0.730438  0.656616  0.714759  0.724679  0.704811  0.695399  1.000000  0.624357  0.726123\n",
      "Q27         -0.026205    0.113837   -0.206941  0.444877  0.337145  0.445558  0.503915  0.440816  0.450457  0.457242  0.509485  0.428577  0.492621  0.406336  0.504257  0.498475  0.472761  0.446103  0.537068  0.296740  0.565075  0.477930  0.454977  0.506600  0.485002  0.624225  0.621081  0.469687  0.624357  1.000000  0.469799\n",
      "Q28         -0.172892    0.143246   -0.204875  0.199522  0.337137  0.524394  0.298285  0.360403  0.376963  0.356001  0.267921  0.304051  0.445228  0.300830  0.315214  0.607639  0.577701  0.605135  0.565727  0.480115  0.557029  0.618821  0.694430  0.602925  0.664456  0.603788  0.583279  0.664733  0.726123  0.469799  1.000000\n",
      "✓ Сохранено: correlation_class_3.csv и correlation_class_3.png\n",
      "\n",
      "========================================================================================================================\n",
      "МАТРИЦА КОРРЕЛЯЦИЙ ДЛЯ ПРЕДМЕТА 5 (n=135)\n",
      "========================================================================================================================\n",
      "            nb.repeat  attendance  difficulty        Q1        Q2        Q3        Q4        Q5        Q6        Q7        Q8        Q9       Q10       Q11       Q12       Q13       Q14       Q15       Q16       Q17       Q18       Q19       Q20       Q21       Q22       Q23       Q24       Q25       Q26       Q27       Q28\n",
