{
 "cells": [
  {
   "cell_type": "code",
   "execution_count": 20,
   "id": "13ca0c70-1830-498b-b080-160c554306d2",
   "metadata": {},
   "outputs": [
    {
     "name": "stdout",
     "output_type": "stream",
     "text": [
      "Defaulting to user installation because normal site-packages is not writeable\n",
      "Requirement already satisfied: numpy in c:\\users\\sergey\\appdata\\roaming\\python\\python313\\site-packages (2.3.3)\n",
      "Requirement already satisfied: pandas in c:\\users\\sergey\\appdata\\roaming\\python\\python313\\site-packages (2.3.3)\n",
      "Requirement already satisfied: matplotlib in c:\\users\\sergey\\appdata\\roaming\\python\\python313\\site-packages (3.10.6)\n",
      "Requirement already satisfied: seaborn in c:\\users\\sergey\\appdata\\roaming\\python\\python313\\site-packages (0.13.2)\n",
      "Requirement already satisfied: scipy in c:\\users\\sergey\\appdata\\roaming\\python\\python313\\site-packages (1.16.2)\n",
      "Requirement already satisfied: openpyxl in c:\\users\\sergey\\appdata\\roaming\\python\\python313\\site-packages (3.1.5)\n",
      "Requirement already satisfied: tabulate in c:\\users\\sergey\\appdata\\roaming\\python\\python313\\site-packages (0.9.0)\n",
      "Requirement already satisfied: python-dateutil>=2.8.2 in c:\\users\\sergey\\appdata\\roaming\\python\\python313\\site-packages (from pandas) (2.9.0.post0)\n",
      "Requirement already satisfied: pytz>=2020.1 in c:\\users\\sergey\\appdata\\roaming\\python\\python313\\site-packages (from pandas) (2025.2)\n",
      "Requirement already satisfied: tzdata>=2022.7 in c:\\users\\sergey\\appdata\\roaming\\python\\python313\\site-packages (from pandas) (2025.2)\n",
      "Requirement already satisfied: contourpy>=1.0.1 in c:\\users\\sergey\\appdata\\roaming\\python\\python313\\site-packages (from matplotlib) (1.3.3)\n",
      "Requirement already satisfied: cycler>=0.10 in c:\\users\\sergey\\appdata\\roaming\\python\\python313\\site-packages (from matplotlib) (0.12.1)\n",
      "Requirement already satisfied: fonttools>=4.22.0 in c:\\users\\sergey\\appdata\\roaming\\python\\python313\\site-packages (from matplotlib) (4.60.1)\n",
      "Requirement already satisfied: kiwisolver>=1.3.1 in c:\\users\\sergey\\appdata\\roaming\\python\\python313\\site-packages (from matplotlib) (1.4.9)\n",
      "Requirement already satisfied: packaging>=20.0 in c:\\users\\sergey\\appdata\\roaming\\python\\python313\\site-packages (from matplotlib) (25.0)\n",
      "Requirement already satisfied: pillow>=8 in c:\\users\\sergey\\appdata\\roaming\\python\\python313\\site-packages (from matplotlib) (11.3.0)\n",
      "Requirement already satisfied: pyparsing>=2.3.1 in c:\\users\\sergey\\appdata\\roaming\\python\\python313\\site-packages (from matplotlib) (3.2.5)\n",
      "Requirement already satisfied: et-xmlfile in c:\\users\\sergey\\appdata\\roaming\\python\\python313\\site-packages (from openpyxl) (2.0.0)\n",
      "Requirement already satisfied: six>=1.5 in c:\\users\\sergey\\appdata\\roaming\\python\\python313\\site-packages (from python-dateutil>=2.8.2->pandas) (1.17.0)\n",
      "Note: you may need to restart the kernel to use updated packages.\n"
     ]
    },
    {
     "name": "stderr",
     "output_type": "stream",
     "text": [
      "\n",
      "[notice] A new release of pip is available: 24.3.1 -> 25.3\n",
      "[notice] To update, run: python.exe -m pip install --upgrade pip\n"
     ]
    }
   ],
   "source": [
    "pip install numpy pandas matplotlib seaborn scipy openpyxl tabulate"
   ]
  },
  {
   "cell_type": "code",
   "execution_count": 5,
   "id": "d72bfd90-39b9-482a-bdfb-782a90456b8f",
   "metadata": {},
   "outputs": [],
   "source": [
    "import pandas as pd\n",
    "import numpy as np\n",
    "import matplotlib.pyplot as plt\n",
    "import seaborn as sns\n",
    "import warnings\n",
    "from tabulate import tabulate\n",
    "warnings.filterwarnings('ignore')\n",
    "\n",
    "\n",
    "# Настройка отображения\n",
    "pd.set_option('display.max_columns', None)\n",
    "pd.set_option('display.width', 1000)"
   ]
  },
  {
   "cell_type": "code",
   "execution_count": 6,
   "id": "62031a3c-d99f-4732-90d7-be332f42f110",
   "metadata": {},
   "outputs": [
    {
     "data": {
      "text/html": [
       "<div>\n",
       "<style scoped>\n",
       "    .dataframe tbody tr th:only-of-type {\n",
       "        vertical-align: middle;\n",
       "    }\n",
       "\n",
       "    .dataframe tbody tr th {\n",
       "        vertical-align: top;\n",
       "    }\n",
       "\n",
       "    .dataframe thead th {\n",
       "        text-align: right;\n",
       "    }\n",
       "</style>\n",
       "<table border=\"1\" class=\"dataframe\">\n",
       "  <thead>\n",
       "    <tr style=\"text-align: right;\">\n",
       "      <th></th>\n",
       "      <th>instr</th>\n",
       "      <th>class</th>\n",
       "      <th>nb.repeat</th>\n",
       "      <th>attendance</th>\n",
       "      <th>difficulty</th>\n",
       "      <th>Q1</th>\n",
       "      <th>Q2</th>\n",
       "      <th>Q3</th>\n",
       "      <th>Q4</th>\n",
       "      <th>Q5</th>\n",
       "      <th>Q6</th>\n",
       "      <th>Q7</th>\n",
       "      <th>Q8</th>\n",
       "      <th>Q9</th>\n",
       "      <th>Q10</th>\n",
       "      <th>Q11</th>\n",
       "      <th>Q12</th>\n",
       "      <th>Q13</th>\n",
       "      <th>Q14</th>\n",
       "      <th>Q15</th>\n",
       "      <th>Q16</th>\n",
       "      <th>Q17</th>\n",
       "      <th>Q18</th>\n",
       "      <th>Q19</th>\n",
       "      <th>Q20</th>\n",
       "      <th>Q21</th>\n",
       "      <th>Q22</th>\n",
       "      <th>Q23</th>\n",
       "      <th>Q24</th>\n",
       "      <th>Q25</th>\n",
       "      <th>Q26</th>\n",
       "      <th>Q27</th>\n",
       "      <th>Q28</th>\n",
       "    </tr>\n",
       "  </thead>\n",
       "  <tbody>\n",
       "    <tr>\n",
       "      <th>0</th>\n",
       "      <td>1</td>\n",
       "      <td>2</td>\n",
       "      <td>1</td>\n",
       "      <td>0</td>\n",
       "      <td>4</td>\n",
       "      <td>3</td>\n",
       "      <td>3</td>\n",
       "      <td>3</td>\n",
       "      <td>3</td>\n",
       "      <td>3</td>\n",
       "      <td>3</td>\n",
       "      <td>3</td>\n",
       "      <td>3</td>\n",
       "      <td>3</td>\n",
       "      <td>3</td>\n",
       "      <td>3</td>\n",
       "      <td>3</td>\n",
       "      <td>3</td>\n",
       "      <td>3</td>\n",
       "      <td>3</td>\n",
       "      <td>3</td>\n",
       "      <td>3</td>\n",
       "      <td>3</td>\n",
       "      <td>3</td>\n",
       "      <td>3</td>\n",
       "      <td>3</td>\n",
       "      <td>3</td>\n",
       "      <td>3</td>\n",
       "      <td>3</td>\n",
       "      <td>3</td>\n",
       "      <td>3</td>\n",
       "      <td>3</td>\n",
       "      <td>3</td>\n",
       "    </tr>\n",
       "    <tr>\n",
       "      <th>1</th>\n",
       "      <td>1</td>\n",
       "      <td>2</td>\n",
       "      <td>1</td>\n",
       "      <td>1</td>\n",
       "      <td>3</td>\n",
       "      <td>3</td>\n",
       "      <td>3</td>\n",
       "      <td>3</td>\n",
       "      <td>3</td>\n",
       "      <td>3</td>\n",
       "      <td>3</td>\n",
       "      <td>3</td>\n",
       "      <td>3</td>\n",
       "      <td>3</td>\n",
       "      <td>3</td>\n",
       "      <td>3</td>\n",
       "      <td>3</td>\n",
       "      <td>3</td>\n",
       "      <td>3</td>\n",
       "      <td>3</td>\n",
       "      <td>3</td>\n",
       "      <td>3</td>\n",
       "      <td>3</td>\n",
       "      <td>3</td>\n",
       "      <td>3</td>\n",
       "      <td>3</td>\n",
       "      <td>3</td>\n",
       "      <td>3</td>\n",
       "      <td>3</td>\n",
       "      <td>3</td>\n",
       "      <td>3</td>\n",
       "      <td>3</td>\n",
       "      <td>3</td>\n",
       "    </tr>\n",
       "    <tr>\n",
       "      <th>2</th>\n",
       "      <td>1</td>\n",
       "      <td>2</td>\n",
       "      <td>1</td>\n",
       "      <td>2</td>\n",
       "      <td>4</td>\n",
       "      <td>5</td>\n",
       "      <td>5</td>\n",
       "      <td>5</td>\n",
       "      <td>5</td>\n",
       "      <td>5</td>\n",
       "      <td>5</td>\n",
       "      <td>5</td>\n",
       "      <td>5</td>\n",
       "      <td>5</td>\n",
       "      <td>5</td>\n",
       "      <td>5</td>\n",
       "      <td>5</td>\n",
       "      <td>5</td>\n",
       "      <td>5</td>\n",
       "      <td>5</td>\n",
       "      <td>5</td>\n",
       "      <td>5</td>\n",
       "      <td>5</td>\n",
       "      <td>5</td>\n",
       "      <td>5</td>\n",
       "      <td>5</td>\n",
       "      <td>5</td>\n",
       "      <td>5</td>\n",
       "      <td>5</td>\n",
       "      <td>5</td>\n",
       "      <td>5</td>\n",
       "      <td>5</td>\n",
       "      <td>5</td>\n",
       "    </tr>\n",
       "    <tr>\n",
       "      <th>3</th>\n",
       "      <td>1</td>\n",
       "      <td>2</td>\n",
       "      <td>1</td>\n",
       "      <td>1</td>\n",
       "      <td>3</td>\n",
       "      <td>3</td>\n",
       "      <td>3</td>\n",
       "      <td>3</td>\n",
       "      <td>3</td>\n",
       "      <td>3</td>\n",
       "      <td>3</td>\n",
       "      <td>3</td>\n",
       "      <td>3</td>\n",
       "      <td>3</td>\n",
       "      <td>3</td>\n",
       "      <td>3</td>\n",
       "      <td>3</td>\n",
       "      <td>3</td>\n",
       "      <td>3</td>\n",
       "      <td>3</td>\n",
       "      <td>3</td>\n",
       "      <td>3</td>\n",
       "      <td>3</td>\n",
       "      <td>3</td>\n",
       "      <td>3</td>\n",
       "      <td>3</td>\n",
       "      <td>3</td>\n",
       "      <td>3</td>\n",
       "      <td>3</td>\n",
       "      <td>3</td>\n",
       "      <td>3</td>\n",
       "      <td>3</td>\n",
       "      <td>3</td>\n",
       "    </tr>\n",
       "    <tr>\n",
       "      <th>4</th>\n",
       "      <td>1</td>\n",
       "      <td>2</td>\n",
       "      <td>1</td>\n",
       "      <td>0</td>\n",
       "      <td>1</td>\n",
       "      <td>1</td>\n",
       "      <td>1</td>\n",
       "      <td>1</td>\n",
       "      <td>1</td>\n",
       "      <td>1</td>\n",
       "      <td>1</td>\n",
       "      <td>1</td>\n",
       "      <td>1</td>\n",
       "      <td>1</td>\n",
       "      <td>1</td>\n",
       "      <td>1</td>\n",
       "      <td>1</td>\n",
       "      <td>1</td>\n",
       "      <td>1</td>\n",
       "      <td>1</td>\n",
       "      <td>1</td>\n",
       "      <td>1</td>\n",
       "      <td>1</td>\n",
       "      <td>1</td>\n",
       "      <td>1</td>\n",
       "      <td>1</td>\n",
       "      <td>1</td>\n",
       "      <td>1</td>\n",
       "      <td>1</td>\n",
       "      <td>1</td>\n",
       "      <td>1</td>\n",
       "      <td>1</td>\n",
       "      <td>1</td>\n",
       "    </tr>\n",
       "    <tr>\n",
       "      <th>5</th>\n",
       "      <td>1</td>\n",
       "      <td>2</td>\n",
       "      <td>1</td>\n",
       "      <td>3</td>\n",
       "      <td>3</td>\n",
       "      <td>4</td>\n",
       "      <td>4</td>\n",
       "      <td>4</td>\n",
       "      <td>4</td>\n",
       "      <td>4</td>\n",
       "      <td>4</td>\n",
       "      <td>4</td>\n",
       "      <td>4</td>\n",
       "      <td>4</td>\n",
       "      <td>4</td>\n",
       "      <td>4</td>\n",
       "      <td>4</td>\n",
       "      <td>4</td>\n",
       "      <td>4</td>\n",
       "      <td>4</td>\n",
       "      <td>4</td>\n",
       "      <td>4</td>\n",
       "      <td>4</td>\n",
       "      <td>4</td>\n",
       "      <td>4</td>\n",
       "      <td>4</td>\n",
       "      <td>4</td>\n",
       "      <td>4</td>\n",
       "      <td>4</td>\n",
       "      <td>4</td>\n",
       "      <td>4</td>\n",
       "      <td>4</td>\n",
       "      <td>4</td>\n",
       "    </tr>\n",
       "    <tr>\n",
       "      <th>6</th>\n",
       "      <td>1</td>\n",
       "      <td>2</td>\n",
       "      <td>1</td>\n",
       "      <td>1</td>\n",
       "      <td>3</td>\n",
       "      <td>4</td>\n",
       "      <td>4</td>\n",
       "      <td>4</td>\n",
       "      <td>4</td>\n",
       "      <td>4</td>\n",
       "      <td>4</td>\n",
       "      <td>4</td>\n",
       "      <td>4</td>\n",
       "      <td>4</td>\n",
       "      <td>4</td>\n",
       "      <td>4</td>\n",
       "      <td>4</td>\n",
       "      <td>4</td>\n",
       "      <td>4</td>\n",
       "      <td>4</td>\n",
       "      <td>4</td>\n",
       "      <td>4</td>\n",
       "      <td>4</td>\n",
       "      <td>4</td>\n",
       "      <td>4</td>\n",
       "      <td>4</td>\n",
       "      <td>4</td>\n",
       "      <td>4</td>\n",
       "      <td>4</td>\n",
       "      <td>4</td>\n",
       "      <td>4</td>\n",
       "      <td>4</td>\n",
       "      <td>4</td>\n",
       "    </tr>\n",
       "    <tr>\n",
       "      <th>7</th>\n",
       "      <td>1</td>\n",
       "      <td>2</td>\n",
       "      <td>1</td>\n",
       "      <td>1</td>\n",
       "      <td>3</td>\n",
       "      <td>5</td>\n",
       "      <td>5</td>\n",
       "      <td>5</td>\n",
       "      <td>5</td>\n",
       "      <td>5</td>\n",
       "      <td>5</td>\n",
       "      <td>5</td>\n",
       "      <td>5</td>\n",
       "      <td>5</td>\n",
       "      <td>5</td>\n",
       "      <td>5</td>\n",
       "      <td>5</td>\n",
       "      <td>5</td>\n",
       "      <td>5</td>\n",
       "      <td>5</td>\n",
       "      <td>5</td>\n",
       "      <td>5</td>\n",
       "      <td>5</td>\n",
       "      <td>5</td>\n",
       "      <td>5</td>\n",
       "      <td>5</td>\n",
       "      <td>5</td>\n",
       "      <td>5</td>\n",
       "      <td>5</td>\n",
       "      <td>5</td>\n",
       "      <td>5</td>\n",
       "      <td>5</td>\n",
       "      <td>5</td>\n",
       "    </tr>\n",
       "  </tbody>\n",
       "</table>\n",
       "</div>"
      ],
      "text/plain": [
       "   instr  class  nb.repeat  attendance  difficulty  Q1  Q2  Q3  Q4  Q5  Q6  Q7  Q8  Q9  Q10  Q11  Q12  Q13  Q14  Q15  Q16  Q17  Q18  Q19  Q20  Q21  Q22  Q23  Q24  Q25  Q26  Q27  Q28\n",
       "0      1      2          1           0           4   3   3   3   3   3   3   3   3   3    3    3    3    3    3    3    3    3    3    3    3    3    3    3    3    3    3    3    3\n",
       "1      1      2          1           1           3   3   3   3   3   3   3   3   3   3    3    3    3    3    3    3    3    3    3    3    3    3    3    3    3    3    3    3    3\n",
       "2      1      2          1           2           4   5   5   5   5   5   5   5   5   5    5    5    5    5    5    5    5    5    5    5    5    5    5    5    5    5    5    5    5\n",
       "3      1      2          1           1           3   3   3   3   3   3   3   3   3   3    3    3    3    3    3    3    3    3    3    3    3    3    3    3    3    3    3    3    3\n",
       "4      1      2          1           0           1   1   1   1   1   1   1   1   1   1    1    1    1    1    1    1    1    1    1    1    1    1    1    1    1    1    1    1    1\n",
       "5      1      2          1           3           3   4   4   4   4   4   4   4   4   4    4    4    4    4    4    4    4    4    4    4    4    4    4    4    4    4    4    4    4\n",
       "6      1      2          1           1           3   4   4   4   4   4   4   4   4   4    4    4    4    4    4    4    4    4    4    4    4    4    4    4    4    4    4    4    4\n",
       "7      1      2          1           1           3   5   5   5   5   5   5   5   5   5    5    5    5    5    5    5    5    5    5    5    5    5    5    5    5    5    5    5    5"
      ]
     },
     "execution_count": 6,
     "metadata": {},
     "output_type": "execute_result"
    }
   ],
   "source": [
    "df = pd.read_csv(\"turkiye.csv\")\n",
    "\n",
    "df.head(8)"
   ]
  },
  {
   "cell_type": "markdown",
   "id": "b4ed13e1-4046-41a9-98da-471f5a9f7bb9",
   "metadata": {},
   "source": [
    "## Удаляем выбросы"
   ]
  },
  {
   "cell_type": "code",
   "execution_count": 7,
   "id": "f76937ff-0c69-4158-a343-98b3bfe0dc43",
   "metadata": {},
   "outputs": [
    {
     "name": "stdout",
     "output_type": "stream",
     "text": [
      "Студентов с ≥26 одинаковыми ответами: 3409\n",
      "Студентов с посещаемостью < 2: 2930\n",
      "\n",
      "Распределение по Attendance\n",
      "attendance\n",
      "0    1902\n",
      "1    1028\n",
      "2     792\n",
      "3    1252\n",
      "4     846\n",
      "\n",
      "Распределение по Attendance среди записей с ≥26 одинаковыми ответами:\n",
      "attendance\n",
      "0    1292\n",
      "1     599\n",
      "2     434\n",
      "3     624\n",
      "4     460\n",
      "Число записей с ≥27 одинаковыми ответами ИЛИ посещаемостью < 2: 4448\n"
     ]
    }
   ],
   "source": [
    "df = pd.read_csv(\"turkiye.csv\")\n",
    "\n",
    "# Вопросы Q1–Q28\n",
    "q_cols = [f'Q{i}' for i in range(1, 29)]\n",
    "\n",
    "# Функция: ≥26 одинаковых ответов\n",
    "def has_too_many_identical_answers(row):\n",
    "    return row.value_counts().max() >= 26\n",
    "\n",
    "# Маска аномальных ответов\n",
    "mask_identical = df[q_cols].apply(has_too_many_identical_answers, axis=1)\n",
    "\n",
    "# Подсчёты\n",
    "n_identical = mask_identical.sum()\n",
    "n_low_attendance = (df['attendance'] < 2).sum()\n",
    "\n",
    "# Распределение по Attendance\n",
    "dist_attendance_all = df['attendance'].value_counts().sort_index()\n",
    "\n",
    "# Распределение по Attendance среди \"одинаковых\" записей\n",
    "dist_attendance = df[mask_identical]['attendance'].value_counts().sort_index()\n",
    "\n",
    "# Вывод\n",
    "print(f\"Студентов с ≥26 одинаковыми ответами: {n_identical}\")\n",
    "print(f\"Студентов с посещаемостью < 2: {n_low_attendance}\")\n",
    "\n",
    "print(\"\\nРаспределение по Attendance\")\n",
    "print(dist_attendance_all.to_string())\n",
    "\n",
    "print(\"\\nРаспределение по Attendance среди записей с ≥26 одинаковыми ответами:\")\n",
    "print(dist_attendance.to_string())\n",
    "\n",
    "mask_A = df[q_cols].apply(has_too_many_identical_answers, axis=1)\n",
    "mask_B = df['attendance'] < 2\n",
    "\n",
    "# Пересечение\n",
    "mask_intersection = mask_A | mask_B\n",
    "n_intersection = mask_intersection.sum()\n",
    "\n",
    "print(f\"Число записей с ≥27 одинаковыми ответами ИЛИ посещаемостью < 2: {n_intersection}\")"
   ]
  },
  {
   "cell_type": "markdown",
   "id": "a2a74b64-2d18-4a9d-af65-fc45e6d459dd",
   "metadata": {},
   "source": [
    "### Повторы и одинаковые ответы"
   ]
  },
  {
   "cell_type": "code",
   "execution_count": 8,
   "id": "1d3110eb-27b6-4ea6-9f3c-16c9ae1eea43",
   "metadata": {},
   "outputs": [
    {
     "name": "stdout",
     "output_type": "stream",
     "text": [
      "Исходное количество строк: 5820\n",
      "Удалено строк с ≥26 одинаковыми ответами: 3409\n",
      "Удалено строк с посещаемостью ниже 2: 1039\n",
      "Итоговое количество строк после очистки: 1372\n"
     ]
    }
   ],
   "source": [
    "df = pd.read_csv(\"turkiye.csv\")\n",
    "\n",
    "print(f\"Исходное количество строк: {len(df)}\")\n",
    "\n",
    "# Колонки с вопросами Q1–Q28\n",
    "q_cols = [f'Q{i}' for i in range(1, 29)]\n",
    "\n",
    "# 1. Удаляем строки, где 26 или более ответов одинаковые\n",
    "def has_too_many_identical_answers(row):\n",
    "    # Считаем частоту каждого значения в строке\n",
    "    value_counts = row.value_counts()\n",
    "    # Если максимальная частота >= 26 — считаем аномалией\n",
    "    # print(value_counts)\n",
    "    # print(value_counts.max() >= 26)\n",
    "    # print('-'*10)\n",
    "    return value_counts.max() >= 26\n",
    "\n",
    "mask_identical = df[q_cols].apply(has_too_many_identical_answers, axis=1)\n",
    "# df[mask_identical].to_excel('удалённые_одинаковые_ответы2.xlsx', index=False)\n",
    "\n",
    "removed_identical = mask_identical.sum()\n",
    "df = df[~mask_identical].copy()\n",
    "\n",
    "print(f\"Удалено строк с ≥26 одинаковыми ответами: {removed_identical}\")\n",
    "\n",
    "\n",
    "# 2. Удаляем записи с посещаемостью ниже 2 (Attendance < 2)\n",
    "removed_low_attendance = (df['attendance'] < 2).sum()\n",
    "df = df[df['attendance'] >= 2].copy()\n",
    "\n",
    "print(f\"Удалено строк с посещаемостью ниже 2: {removed_low_attendance}\")\n",
    "print(f\"Итоговое количество строк после очистки: {len(df)}\")"
   ]
  },
  {
   "cell_type": "markdown",
   "id": "c2537f1d-9203-4bc0-b5de-09d3654f208f",
   "metadata": {},
   "source": [
    "### Поиск выбросов по квартилям (метод IQR) — по каждому признаку отдельно"
   ]
  },
  {
   "cell_type": "code",
   "execution_count": 9,
   "id": "225ccd01-1317-4a57-b894-a51e6245ef07",
   "metadata": {},
   "outputs": [
    {
     "name": "stdout",
     "output_type": "stream",
     "text": [
      "Число выбросов, обнаруженных методом IQR: 349\n",
      "Итоговое количество строк после очистки: 1023\n"
     ]
    }
   ],
   "source": [
    "k = 1.5\n",
    "outlier_mask_iqr = pd.Series([False] * len(df), index=df.index)\n",
    "\n",
    "for col in q_cols:\n",
    "    Q1 = df[col].quantile(0.25)\n",
    "    Q3 = df[col].quantile(0.75)\n",
    "    IQR = Q3 - Q1\n",
    "    lower_bound = Q1 - k * IQR\n",
    "    upper_bound = Q3 + k * IQR\n",
    "    outlier_mask_iqr |= (df[col] < lower_bound) | (df[col] > upper_bound)\n",
    "\n",
    "n_outliers_iqr = outlier_mask_iqr.sum()\n",
    "\n",
    "df = df[~outlier_mask_iqr].copy()\n",
    "\n",
    "print(f\"Число выбросов, обнаруженных методом IQR: {n_outliers_iqr}\")\n",
    "print(f\"Итоговое количество строк после очистки: {len(df)}\")"
   ]
  },
  {
   "cell_type": "markdown",
   "id": "f08d6210-39aa-456b-9ddb-9c05dbc3b6e8",
   "metadata": {},
   "source": [
    "## Корреляции"
   ]
  },
  {
   "cell_type": "markdown",
   "id": "99778cb6-7874-4a96-bdab-6d1c9d3e9070",
   "metadata": {},
   "source": [
    "### Общая матрица корреляции"
   ]
  },
  {
   "cell_type": "code",
   "execution_count": 10,
   "id": "6bb43305-73bf-43c2-97a8-c4408bae3b4f",
   "metadata": {},
   "outputs": [
    {
     "name": "stdout",
     "output_type": "stream",
     "text": [
      "Числовые признаки для корреляции (33 колонок):\n",
      "['instr', 'class', 'nb.repeat', 'attendance', 'difficulty', 'Q1', 'Q2', 'Q3', 'Q4', 'Q5', 'Q6', 'Q7', 'Q8', 'Q9', 'Q10', 'Q11', 'Q12', 'Q13', 'Q14', 'Q15', 'Q16', 'Q17', 'Q18', 'Q19', 'Q20', 'Q21', 'Q22', 'Q23', 'Q24', 'Q25', 'Q26', 'Q27', 'Q28']\n",
      "\n",
      "========================================================================================================================\n",
      "ПОЛНАЯ МАТРИЦА КОРРЕЛЯЦИЙ ДЛЯ ВСЕХ ПРИЗНАКОВ\n",
      "========================================================================================================================\n",
      "               instr     class  nb.repeat  attendance  difficulty        Q1        Q2        Q3        Q4        Q5        Q6        Q7        Q8        Q9       Q10       Q11       Q12       Q13       Q14       Q15       Q16       Q17       Q18       Q19       Q20       Q21       Q22       Q23       Q24       Q25       Q26       Q27       Q28\n",
      "instr       1.000000 -0.090881   0.102414   -0.011574   -0.026728 -0.132284 -0.111151 -0.099408 -0.069026 -0.128073 -0.005477 -0.079600 -0.184468 -0.063555 -0.104493 -0.172969 -0.112926 -0.096071 -0.083230 -0.054104 -0.128843 -0.071792 -0.198115 -0.108877 -0.014610 -0.011689 -0.019586 -0.093274 -0.123550 -0.027856 -0.057688 -0.075068 -0.008330\n",
      "class      -0.090881  1.000000  -0.007682    0.019034   -0.080054 -0.025231 -0.015805  0.040076  0.036572 -0.001905 -0.057471 -0.089826 -0.030166  0.043030 -0.029182  0.068613 -0.024713 -0.037495 -0.011932 -0.011218 -0.020263  0.005596  0.065650  0.028115  0.041511  0.038079  0.057633  0.032135  0.009992  0.037114  0.023534  0.032840  0.000355\n",
      "nb.repeat   0.102414 -0.007682   1.000000   -0.027357   -0.002948 -0.018550 -0.095028 -0.016331 -0.045282 -0.028778  0.004470  0.009012  0.013820 -0.022342  0.001575 -0.005704  0.047448 -0.042907 -0.083840 -0.039824 -0.013341 -0.094727 -0.096672 -0.088640 -0.061635 -0.046503 -0.021364 -0.054656 -0.036289 -0.059887 -0.000520 -0.016585 -0.044664\n",
      "attendance -0.011574  0.019034  -0.027357    1.000000   -0.000695 -0.009309  0.046312  0.036606  0.026670 -0.003380 -0.026599  0.029718  0.017990  0.141853  0.059298  0.086303  0.051673  0.026008  0.053670  0.041606  0.008050  0.049243  0.024871  0.056300  0.060611  0.115246  0.083947  0.071959  0.052008  0.085894  0.046127  0.018307  0.056091\n",
      "difficulty -0.026728 -0.080054  -0.002948   -0.000695    1.000000  0.060396  0.014414 -0.005942  0.026897  0.018875 -0.057317 -0.022461  0.008426 -0.072908 -0.078329 -0.096999 -0.031973 -0.079198 -0.045386 -0.049001 -0.121238 -0.053181 -0.088600 -0.093615 -0.056174 -0.074261 -0.085704 -0.047839 -0.022120 -0.060098 -0.095027 -0.037885 -0.101652\n",
      "Q1         -0.132284 -0.025231  -0.018550   -0.009309    0.060396  1.000000  0.617887  0.369669  0.652087  0.441899  0.358908  0.434807  0.412601  0.294357  0.419080  0.233538  0.355082  0.264086  0.219542  0.231907  0.283405  0.089033  0.207749  0.182298  0.121089  0.139142  0.137412  0.230814  0.267195  0.159984  0.221634  0.255489  0.153085\n",
      "Q2         -0.111151 -0.015805  -0.095028    0.046312    0.014414  0.617887  1.000000  0.457818  0.584271  0.520578  0.451121  0.479470  0.441099  0.395201  0.520497  0.342008  0.381141  0.415106  0.396073  0.393882  0.452774  0.261847  0.367527  0.372959  0.313696  0.309524  0.338412  0.372529  0.379829  0.329115  0.371476  0.329344  0.336679\n",
      "Q3         -0.099408  0.040076  -0.016331    0.036606   -0.005942  0.369669  0.457818  1.000000  0.419383  0.462322  0.400727  0.416980  0.405291  0.353348  0.467767  0.401241  0.335305  0.433206  0.448965  0.434416  0.404959  0.342042  0.390833  0.376496  0.370111  0.343479  0.357140  0.350296  0.348895  0.357970  0.375951  0.278123  0.367194\n",
      "Q4         -0.069026  0.036572  -0.045282    0.026670    0.026897  0.652087  0.584271  0.419383  1.000000  0.524743  0.440873  0.423300  0.406711  0.332136  0.456301  0.279021  0.368956  0.323369  0.330120  0.334065  0.345159  0.197060  0.285713  0.287829  0.228683  0.223834  0.244188  0.318882  0.317963  0.264862  0.294132  0.292165  0.246824\n",
      "Q5         -0.128073 -0.001905  -0.028778   -0.003380    0.018875  0.441899  0.520578  0.462322  0.524743  1.000000  0.541651  0.590418  0.548780  0.403084  0.587193  0.390943  0.388510  0.448086  0.427868  0.407793  0.470151  0.223281  0.380806  0.364885  0.315872  0.286042  0.289100  0.403871  0.430697  0.300907  0.389498  0.354506  0.279849\n",
      "Q6         -0.005477 -0.057471   0.004470   -0.026599   -0.057317  0.358908  0.451121  0.400727  0.440873  0.541651  1.000000  0.610409  0.510914  0.331409  0.549811  0.328506  0.408734  0.416798  0.393937  0.386189  0.444260  0.202602  0.304752  0.342962  0.290276  0.261298  0.270477  0.342319  0.319451  0.279670  0.365439  0.332457  0.293343\n",
      "Q7         -0.079600 -0.089826   0.009012    0.029718   -0.022461  0.434807  0.479470  0.416980  0.423300  0.590418  0.610409  1.000000  0.632778  0.423226  0.592677  0.389657  0.474853  0.409289  0.340679  0.341244  0.415488  0.182726  0.327916  0.321441  0.284662  0.234097  0.257803  0.387962  0.416805  0.266945  0.337114  0.337688  0.270205\n",
      "Q8         -0.184468 -0.030166   0.013820    0.017990    0.008426  0.412601  0.441099  0.405291  0.406711  0.548780  0.510914  0.632778  1.000000  0.448513  0.622094  0.429625  0.477611  0.375802  0.359060  0.317070  0.422139  0.172890  0.348333  0.332429  0.262782  0.239194  0.245937  0.389964  0.437462  0.279508  0.370505  0.375327  0.242014\n",
      "Q9         -0.063555  0.043030  -0.022342    0.141853   -0.072908  0.294357  0.395201  0.353348  0.332136  0.403084  0.331409  0.423226  0.448513  1.000000  0.607318  0.513904  0.430754  0.398942  0.425728  0.392614  0.417672  0.321334  0.394923  0.395671  0.346864  0.352955  0.349825  0.367925  0.346775  0.345622  0.334775  0.294274  0.321434\n",
      "Q10        -0.104493 -0.029182   0.001575    0.059298   -0.078329  0.419080  0.520497  0.467767  0.456301  0.587193  0.549811  0.592677  0.622094  0.607318  1.000000  0.541412  0.582868  0.498649  0.480650  0.459834  0.564577  0.294430  0.447265  0.470793  0.388469  0.349767  0.383285  0.487384  0.465295  0.379488  0.488321  0.437047  0.378583\n",
      "Q11        -0.172969  0.068613  -0.005704    0.086303   -0.096999  0.233538  0.342008  0.401241  0.279021  0.390943  0.328506  0.389657  0.429625  0.513904  0.541412  1.000000  0.620172  0.403879  0.398882  0.390009  0.383664  0.323780  0.361721  0.409131  0.386036  0.377721  0.371535  0.359678  0.359862  0.345669  0.378437  0.308894  0.330767\n",
      "Q12        -0.112926 -0.024713   0.047448    0.051673   -0.031973  0.355082  0.381141  0.335305  0.368956  0.388510  0.408734  0.474853  0.477611  0.430754  0.582868  0.620172  1.000000  0.410506  0.358656  0.316231  0.418587  0.211021  0.347360  0.359180  0.266147  0.246920  0.276554  0.372122  0.411695  0.254664  0.338921  0.368440  0.258752\n",
      "Q13        -0.096071 -0.037495  -0.042907    0.026008   -0.079198  0.264086  0.415106  0.433206  0.323369  0.448086  0.416798  0.409289  0.375802  0.398942  0.498649  0.403879  0.410506  1.000000  0.780240  0.705624  0.656054  0.521517  0.631286  0.604306  0.590328  0.548180  0.570810  0.571186  0.519510  0.574870  0.584050  0.465807  0.572664\n",
      "Q14        -0.083230 -0.011932  -0.083840    0.053670   -0.045386  0.219542  0.396073  0.448965  0.330120  0.427868  0.393937  0.340679  0.359060  0.425728  0.480650  0.398882  0.358656  0.780240  1.000000  0.773011  0.627811  0.612362  0.631893  0.627648  0.637227  0.580551  0.610981  0.571020  0.529897  0.624919  0.586557  0.440767  0.594021\n",
      "Q15        -0.054104 -0.011218  -0.039824    0.041606   -0.049001  0.231907  0.393882  0.434416  0.334065  0.407793  0.386189  0.341244  0.317070  0.392614  0.459834  0.390009  0.316231  0.705624  0.773011  1.000000  0.666784  0.623373  0.634858  0.635138  0.646756  0.609622  0.614976  0.586118  0.524339  0.604548  0.563864  0.425615  0.604604\n",
      "Q16        -0.128843 -0.020263  -0.013341    0.008050   -0.121238  0.283405  0.452774  0.404959  0.345159  0.470151  0.444260  0.415488  0.422139  0.417672  0.564577  0.383664  0.418587  0.656054  0.627811  0.666784  1.000000  0.481536  0.690979  0.620012  0.562103  0.528058  0.532080  0.604225  0.584112  0.532687  0.587368  0.521425  0.520445\n",
      "Q17        -0.071792  0.005596  -0.094727    0.049243   -0.053181  0.089033  0.261847  0.342042  0.197060  0.223281  0.202602  0.182726  0.172890  0.321334  0.294430  0.323780  0.211021  0.521517  0.612362  0.623373  0.481536  1.000000  0.616533  0.590187  0.617193  0.602509  0.640088  0.493743  0.397361  0.592140  0.475789  0.343434  0.587350\n",
      "Q18        -0.198115  0.065650  -0.096672    0.024871   -0.088600  0.207749  0.367527  0.390833  0.285713  0.380806  0.304752  0.327916  0.348333  0.394923  0.447265  0.361721  0.347360  0.631286  0.631893  0.634858  0.690979  0.616533  1.000000  0.690304  0.625722  0.612249  0.649186  0.626718  0.588607  0.585217  0.576865  0.468833  0.571800\n",
      "Q19        -0.108877  0.028115  -0.088640    0.056300   -0.093615  0.182298  0.372959  0.376496  0.287829  0.364885  0.342962  0.321441  0.332429  0.395671  0.470793  0.409131  0.359180  0.604306  0.627648  0.635138  0.620012  0.590187  0.690304  1.000000  0.724480  0.656324  0.657760  0.644518  0.593828  0.610462  0.582875  0.487436  0.615845\n",
      "Q20        -0.014610  0.041511  -0.061635    0.060611   -0.056174  0.121089  0.313696  0.370111  0.228683  0.315872  0.290276  0.284662  0.262782  0.346864  0.388469  0.386036  0.266147  0.590328  0.637227  0.646756  0.562103  0.617193  0.625722  0.724480  1.000000  0.756612  0.750079  0.655330  0.556616  0.684116  0.594586  0.472851  0.668143\n",
      "Q21        -0.011689  0.038079  -0.046503    0.115246   -0.074261  0.139142  0.309524  0.343479  0.223834  0.286042  0.261298  0.234097  0.239194  0.352955  0.349767  0.377721  0.246920  0.548180  0.580551  0.609622  0.528058  0.602509  0.612249  0.656324  0.756612  1.000000  0.804359  0.673576  0.560534  0.699400  0.575897  0.471810  0.654309\n",
      "Q22        -0.019586  0.057633  -0.021364    0.083947   -0.085704  0.137412  0.338412  0.357140  0.244188  0.289100  0.270477  0.257803  0.245937  0.349825  0.383285  0.371535  0.276554  0.570810  0.610981  0.614976  0.532080  0.640088  0.649186  0.657760  0.750079  0.804359  1.000000  0.707008  0.575421  0.737550  0.611965  0.473774  0.690168\n",
      "Q23        -0.093274  0.032135  -0.054656    0.071959   -0.047839  0.230814  0.372529  0.350296  0.318882  0.403871  0.342319  0.387962  0.389964  0.367925  0.487384  0.359678  0.372122  0.571186  0.571020  0.586118  0.604225  0.493743  0.626718  0.644518  0.655330  0.673576  0.707008  1.000000  0.715483  0.670661  0.636660  0.594607  0.603834\n",
      "Q24        -0.123550  0.009992  -0.036289    0.052008   -0.022120  0.267195  0.379829  0.348895  0.317963  0.430697  0.319451  0.416805  0.437462  0.346775  0.465295  0.359862  0.411695  0.519510  0.529897  0.524339  0.584112  0.397361  0.588607  0.593828  0.556616  0.560534  0.575421  0.715483  1.000000  0.579010  0.589410  0.566440  0.512682\n",
      "Q25        -0.027856  0.037114  -0.059887    0.085894   -0.060098  0.159984  0.329115  0.357970  0.264862  0.300907  0.279670  0.266945  0.279508  0.345622  0.379488  0.345669  0.254664  0.574870  0.624919  0.604548  0.532687  0.592140  0.585217  0.610462  0.684116  0.699400  0.737550  0.670661  0.579010  1.000000  0.651730  0.519637  0.665346\n",
      "Q26        -0.057688  0.023534  -0.000520    0.046127   -0.095027  0.221634  0.371476  0.375951  0.294132  0.389498  0.365439  0.337114  0.370505  0.334775  0.488321  0.378437  0.338921  0.584050  0.586557  0.563864  0.587368  0.475789  0.576865  0.582875  0.594586  0.575897  0.611965  0.636660  0.589410  0.651730  1.000000  0.593942  0.654867\n",
      "Q27        -0.075068  0.032840  -0.016585    0.018307   -0.037885  0.255489  0.329344  0.278123  0.292165  0.354506  0.332457  0.337688  0.375327  0.294274  0.437047  0.308894  0.368440  0.465807  0.440767  0.425615  0.521425  0.343434  0.468833  0.487436  0.472851  0.471810  0.473774  0.594607  0.566440  0.519637  0.593942  1.000000  0.528122\n",
      "Q28        -0.008330  0.000355  -0.044664    0.056091   -0.101652  0.153085  0.336679  0.367194  0.246824  0.279849  0.293343  0.270205  0.242014  0.321434  0.378583  0.330767  0.258752  0.572664  0.594021  0.604604  0.520445  0.587350  0.571800  0.615845  0.668143  0.654309  0.690168  0.603834  0.512682  0.665346  0.654867  0.528122  1.000000\n",
      "\n",
      "✓ Матрица корреляций сохранена в 'correlation_matrix_all_features.csv'\n",
      "\n",
      "========================================================================================================================\n",
      "СТАТИСТИКА КОРРЕЛЯЦИЙ\n",
      "========================================================================================================================\n",
      "Количество пар признаков: 528\n",
      "Средняя корреляция: 0.3090\n",
      "Медианная корреляция: 0.3516\n",
      "Минимальная корреляция: -0.1981\n",
      "Максимальная корреляция: 0.8044\n",
      "Стандартное отклонение: 0.2432\n",
      "\n",
      "✓ Визуализация сохранена в 'correlation_matrix_all_features.png'\n",
      "✓ Визуализация сохранена в 'correlation_additional_features_vs_questions.png'\n",
      "\n",
      "========================================================================================================================\n",
      "КОРРЕЛЯЦИЯ ДОПОЛНИТЕЛЬНЫХ ПРИЗНАКОВ С ВОПРОСАМИ\n",
      "========================================================================================================================\n",
      "\n",
      "INSTR:\n",
      "  Топ-5 наиболее сильных корреляций:\n",
      "    Q6: -0.0055\n",
      "    Q28: -0.0083\n",
      "    Q21: -0.0117\n",
      "    Q20: -0.0146\n",
      "    Q22: -0.0196\n",
      "  Топ-5 наиболее слабых корреляций:\n",
      "    Q16: -0.1288\n",
      "    Q1: -0.1323\n",
      "    Q11: -0.1730\n",
      "    Q8: -0.1845\n",
      "    Q18: -0.1981\n",
      "\n",
      "CLASS:\n",
      "  Топ-5 наиболее сильных корреляций:\n",
      "    Q11: 0.0686\n",
      "    Q18: 0.0656\n",
      "    Q22: 0.0576\n",
      "    Q9: 0.0430\n",
      "    Q20: 0.0415\n",
      "  Топ-5 наиболее слабых корреляций:\n",
      "    Q10: -0.0292\n",
      "    Q8: -0.0302\n",
      "    Q13: -0.0375\n",
      "    Q6: -0.0575\n",
      "    Q7: -0.0898\n",
      "\n",
      "NB.REPEAT:\n",
      "  Топ-5 наиболее сильных корреляций:\n",
      "    Q12: 0.0474\n",
      "    Q8: 0.0138\n",
      "    Q7: 0.0090\n",
      "    Q6: 0.0045\n",
      "    Q10: 0.0016\n",
      "  Топ-5 наиболее слабых корреляций:\n",
      "    Q14: -0.0838\n",
      "    Q19: -0.0886\n",
      "    Q17: -0.0947\n",
      "    Q2: -0.0950\n",
      "    Q18: -0.0967\n",
      "\n",
      "ATTENDANCE:\n",
      "  Топ-5 наиболее сильных корреляций:\n",
      "    Q9: 0.1419\n",
      "    Q21: 0.1152\n",
      "    Q11: 0.0863\n",
      "    Q25: 0.0859\n",
      "    Q22: 0.0839\n",
      "  Топ-5 наиболее слабых корреляций:\n",
      "    Q8: 0.0180\n",
      "    Q16: 0.0081\n",
      "    Q5: -0.0034\n",
      "    Q1: -0.0093\n",
      "    Q6: -0.0266\n",
      "\n",
      "DIFFICULTY:\n",
      "  Топ-5 наиболее сильных корреляций:\n",
      "    Q1: 0.0604\n",
      "    Q4: 0.0269\n",
      "    Q5: 0.0189\n",
      "    Q2: 0.0144\n",
      "    Q8: 0.0084\n",
      "  Топ-5 наиболее слабых корреляций:\n",
      "    Q19: -0.0936\n",
      "    Q26: -0.0950\n",
      "    Q11: -0.0970\n",
      "    Q28: -0.1017\n",
      "    Q16: -0.1212\n",
      "\n",
      "========================================================================================================================\n",
      "ТОП-15 САМЫХ СИЛЬНЫХ ПОЛОЖИТЕЛЬНЫХ КОРРЕЛЯЦИЙ (ВСЕ ПРИЗНАКИ)\n",
      "========================================================================================================================\n",
      "Признак 1 Признак 2  Корреляция\n",
      "      Q21       Q22    0.804359\n",
      "      Q13       Q14    0.780240\n",
      "      Q14       Q15    0.773011\n",
      "      Q20       Q21    0.756612\n",
      "      Q20       Q22    0.750079\n",
      "      Q22       Q25    0.737550\n",
      "      Q19       Q20    0.724480\n",
      "      Q23       Q24    0.715483\n",
      "      Q22       Q23    0.707008\n",
      "      Q13       Q15    0.705624\n",
      "      Q21       Q25    0.699400\n",
      "      Q16       Q18    0.690979\n",
      "      Q18       Q19    0.690304\n",
      "      Q22       Q28    0.690168\n",
      "      Q20       Q25    0.684116\n",
      "\n",
      "========================================================================================================================\n",
      "ТОП-15 САМЫХ СЛАБЫХ КОРРЕЛЯЦИЙ (ВСЕ ПРИЗНАКИ)\n",
      "========================================================================================================================\n",
      " Признак 1 Признак 2  Корреляция\n",
